40.6943 -73.9249 -8 4500 100000 100000
40.6943 -73.9249 -7 4500 100000 100000
40.6943 -73.9249 -9 4500 100000 100000
40.6943 -73.9249 33 4500 100000 100000
40.6943 -73.9249 34 4500 100000 100000
40.6943 -73.9249 26 4500 100000 100000
40.6943 -73.9249 27 4500 100000 100000
40.6943 -73.9249 32 4500 100000 100000
40.6943 -73.9249 -13 4500 100000 100000
40.6943 -73.9249 30 4500 100000 100000
40.6943 -73.9249 0 4500 100000 100000
40.6943 -73.9249 28 4500 100000 100000
40.6943 -73.9249 29 4500 100000 100000
40.6943 -73.9249 -12 4500 100000 100000
40.6943 -73.9249 -6 4500 100000 100000
40.6943 -73.9249 31 4500 100000 100000
40.6943 -73.9249 25 4500 100000 100000
40.6943 -73.9249 -1 4500 100000 100000
40.6943 -73.9249 -10 4500 100000 100000
40.6943 -73.9249 -11 4500 100000 100000
40.6943 -73.9249 1 4500 100000 100000