40.6943 -73.9249 -8 4500 100000 100000
40.6943 -73.9249 -7 4500 100000 100000
40.6943 -73.9249 -9 4500 100000 100000
40.6943 -73.9249 33 4500 100000 100000
40.6943 -73.9249 34 4500 100000 100000
40.6943 -73.9249 26 4500 100000 100000
40.6943 -73.9249 27 4500 100000 100000
40.6943 -73.9249 32 4500 100000 100000
40.6943 -73.9249 -13 4500 100000 100000
40.6943 -73.9249 30 4500 100000 100000
40.6943 -73.9249 0 4500 100000 100000
40.6943 -73.9249 28 4500 100000 100000
40.6943 -73.9249 29 4500 100000 100000
40.6943 -73.9249 -12 4500 100000 100000
40.6943 -73.9249 -6 4500 100000 100000
40.6943 -73.9249 31 4500 100000 100000
40.6943 -73.9249 25 4500 100000 100000
40.6943 -73.9249 -1 4500 100000 100000
40.6943 -73.9249 -10 4500 100000 100000
40.6943 -73.9249 -11 4500 100000 100000
40.6943 -73.9249 1 4500 100000 100000
40.6943 -73.9249 -2 4500 100000 100000
40.6943 -73.9249 -5 4500 100000 100000
40.6943 -73.9249 51 4500 100000 100000
40.6943 -73.9249 -3 4500 100000 100000
40.6943 -73.9249 24 4500 100000 100000
40.6943 -73.9249 20 4500 100000 100000
40.6943 -73.9249 35 4500 100000 100000
40.6943 -73.9249 50 4500 100000 100000
40.6943 -73.9249 -4 4500 100000 100000
40.6943 -73.9249 19 4500 100000 100000
40.6943 -73.9249 2 4500 100000 100000
40.6943 -73.9249 18 4500 100000 100000
40.6943 -73.9249 52 4500 100000 100000
40.6943 -73.9249 21 4500 100000 100000
40.6943 -73.9249 -14 4500 100000 100000
40.6943 -73.9249 23 4500 100000 100000
40.6943 -73.9249 17 4500 100000 100000
40.6943 -73.9249 -88 4500 100000 100000
40.6943 -73.9249 16 4500 100000 100000
40.6943 -73.9249 49 4500 100000 100000
40.6943 -73.9249 53 4500 100000 100000
40.6943 -73.9249 22 4500 100000 100000
40.6943 -73.9249 57 4500 100000 100000
40.6943 -73.9249 3 4500 100000 100000
40.6943 -73.9249 48 4500 100000 100000
40.6943 -73.9249 15 4500 100000 100000
40.6943 -73.9249 -87 4500 100000 100000
40.6943 -73.9249 58 4500 100000 100000
40.6943 -73.9249 -89 4500 100000 100000
40.6943 -73.9249 -17 4500 100000 100000
40.6943 -73.9249 54 4500 100000 100000
40.6943 -73.9249 47 4500 100000 100000
40.6943 -73.9249 90 4500 100000 100000
40.6943 -73.9249 4 4500 100000 100000
40.6943 -73.9249 7 4500 100000 100000
40.6943 -73.9249 -86 4500 100000 100000
40.6943 -73.9249 6 4500 100000 100000
40.6943 -73.9249 85 4500 100000 100000
40.6943 -73.9249 89 4500 100000 100000
40.6943 -73.9249 46 4500 100000 100000
40.6943 -73.9249 86 4500 100000 100000
40.6943 -73.9249 36 4500 100000 100000
40.6943 -73.9249 56 4500 100000 100000
40.6943 -73.9249 66 4500 100000 100000
40.6943 -73.9249 67 4500 100000 100000
40.6943 -73.9249 -16 4500 100000 100000
40.6943 -73.9249 45 4500 100000 100000
40.6943 -73.9249 -15 4500 100000 100000
40.6943 -73.9249 -26 4500 100000 100000
40.6943 -73.9249 55 4500 100000 100000
40.6943 -73.9249 60 4500 100000 100000
40.6943 -73.9249 59 4500 100000 100000
40.6943 -73.9249 68 4500 100000 100000
40.6943 -73.9249 42 4500 100000 100000
40.6943 -73.9249 -27 4500 100000 100000
40.6943 -73.9249 65 4500 100000 100000
40.6943 -73.9249 87 4500 100000 100000
40.6943 -73.9249 84 4500 100000 100000
40.6943 -73.9249 83 4500 100000 100000
40.6943 -73.9249 88 4500 100000 100000
40.6943 -73.9249 44 4500 100000 100000
40.6943 -73.9249 41 4500 100000 100000
40.6943 -73.9249 77 4500 100000 100000
40.6943 -73.9249 69 4500 100000 100000
40.6943 -73.9249 -85 4500 100000 100000
40.6943 -73.9249 82 4500 100000 100000
40.6943 -73.9249 70 4500 100000 100000
40.6943 -73.9249 -18 4500 100000 100000
40.6943 -73.9249 8 4500 100000 100000
40.6943 -73.9249 14 4500 100000 100000