29.4241 -98.4936 7 4500 100000 100000
29.4241 -98.4936 5 4500 100000 100000
29.4241 -98.4936 4 4500 100000 100000
29.4241 -98.4936 6 4500 100000 100000
29.4241 -98.4936 8 4500 100000 100000
29.4241 -98.4936 -30 4500 100000 100000
29.4241 -98.4936 3 4500 100000 100000
29.4241 -98.4936 -34 4500 100000 100000
29.4241 -98.4936 -29 4500 100000 100000
29.4241 -98.4936 -28 4500 100000 100000
29.4241 -98.4936 9 4500 100000 100000
29.4241 -98.4936 -35 4500 100000 100000
29.4241 -98.4936 -31 4500 100000 100000
29.4241 -98.4936 -33 4500 100000 100000
29.4241 -98.4936 -27 4500 100000 100000
29.4241 -98.4936 2 4500 100000 100000
29.4241 -98.4936 10 4500 100000 100000
29.4241 -98.4936 -32 4500 100000 100000
29.4241 -98.4936 1 4500 100000 100000
29.4241 -98.4936 -36 4500 100000 100000
29.4241 -98.4936 -26 4500 100000 100000
29.4241 -98.4936 0 4500 100000 100000
29.4241 -98.4936 11 4500 100000 100000
29.4241 -98.4936 -1 4500 100000 100000
29.4241 -98.4936 -25 4500 100000 100000
29.4241 -98.4936 -5 4500 100000 100000