0 136 -58 4500 100000 100000
0 137 -58 4500 100000 100000
0 135 -58 4500 100000 100000
0 121 -51 4500 100000 100000
0 119 -50 4500 100000 100000
0 123 -52 4500 100000 100000
0 122 -52 4500 100000 100000
0 120 -51 4500 100000 100000
0 138 -59 4500 100000 100000
0 118 -49 4500 100000 100000
0 125 -53 4500 100000 100000
0 139 -59 4500 100000 100000
0 133 -57 4500 100000 100000
0 122 -51 4500 100000 100000
0 120 -50 4500 100000 100000
0 119 -51 4500 100000 100000
0 134 -58 4500 100000 100000
0 134 -57 4500 100000 100000
0 127 -54 4500 100000 100000
0 117 -49 4500 100000 100000
0 124 -53 4500 100000 100000
0 117 -48 4500 100000 100000
0 138 -58 4500 100000 100000
0 140 -59 4500 100000 100000
0 137 -59 4500 100000 100000
0 121 -50 4500 100000 100000
0 132 -57 4500 100000 100000
0 116 -48 4500 100000 100000
0 131 -56 4500 100000 100000
0 126 -54 4500 100000 100000
0 118 -50 4500 100000 100000
0 119 -49 4500 100000 100000
0 124 -52 4500 100000 100000
0 121 -52 4500 100000 100000
0 149 -62 4500 100000 100000
0 130 -56 4500 100000 100000
0 126 -53 4500 100000 100000
0 129 -55 4500 100000 100000
0 128 -54 4500 100000 100000
0 135 -57 4500 100000 100000
0 33 59 4500 100000 100000
0 128 -55 4500 100000 100000
0 148 -61 4500 100000 100000
0 136 -59 4500 100000 100000
0 147 -61 4500 100000 100000
0 132 -56 4500 100000 100000
0 34 59 4500 100000 100000
0 139 -58 4500 100000 100000
0 118 -48 4500 100000 100000
0 123 -53 4500 100000 100000
0 32 59 4500 100000 100000
0 149 -61 4500 100000 100000
0 120 -52 4500 100000 100000
0 31 59 4500 100000 100000
0 123 -51 4500 100000 100000
0 22 65 4500 100000 100000
0 116 -47 4500 100000 100000
0 23 65 4500 100000 100000
0 142 -60 4500 100000 100000
0 125 -54 4500 100000 100000
0 129 -56 4500 100000 100000
0 131 -57 4500 100000 100000
0 130 -55 4500 100000 100000
0 30 59 4500 100000 100000
0 133 -58 4500 100000 100000
0 143 -60 4500 100000 100000
0 141 -59 4500 100000 100000
0 14 64 4500 100000 100000
0 16 63 4500 100000 100000
0 15 63 4500 100000 100000
0 120 -49 4500 100000 100000
0 115 -46 4500 100000 100000
0 148 -62 4500 100000 100000
0 24 65 4500 100000 100000
0 34 58 4500 100000 100000
0 34 62 4500 100000 100000
0 127 -55 4500 100000 100000
0 141 -60 4500 100000 100000
0 122 -50 4500 100000 100000
0 13 63 4500 100000 100000
0 13 64 4500 100000 100000
0 36 58 4500 100000 100000
0 33 62 4500 100000 100000
0 14 63 4500 100000 100000
0 35 58 4500 100000 100000
0 35 59 4500 100000 100000
0 146 -61 4500 100000 100000
0 52 54 4500 100000 100000
0 36 59 4500 100000 100000
0 37 58 4500 100000 100000
0 114 -46 4500 100000 100000
0 38 58 4500 100000 100000
0 135 -59 4500 100000 100000
0 35 62 4500 100000 100000
0 145 -61 4500 100000 100000
0 115 -47 4500 100000 100000
0 21 65 4500 100000 100000
0 12 63 4500 100000 100000
0 125 -52 4500 100000 100000
0 116 -49 4500 100000 100000
0 15 64 4500 100000 100000
0 29 59 4500 100000 100000
0 140 -60 4500 100000 100000
0 11 63 4500 100000 100000
0 17 63 4500 100000 100000
0 133 -56 4500 100000 100000
0 51 55 4500 100000 100000
0 33 58 4500 100000 100000
0 117 -47 4500 100000 100000
0 10 63 4500 100000 100000
0 25 65 4500 100000 100000
0 26 61 4500 100000 100000
0 127 -53 4500 100000 100000
0 50 55 4500 100000 100000
0 122 -53 4500 100000 100000
0 115 -48 4500 100000 100000
0 28 59 4500 100000 100000
0 40 58 4500 100000 100000
0 39 58 4500 100000 100000
0 140 -58 4500 100000 100000
0 37 59 4500 100000 100000
0 25 61 4500 100000 100000
0 53 54 4500 100000 100000
0 144 -61 4500 100000 100000
0 8 66 4500 100000 100000
0 118 -51 4500 100000 100000
0 0 64 4500 100000 100000
0 44 55 4500 100000 100000
0 36 61 4500 100000 100000
0 20 65 4500 100000 100000
0 32 62 4500 100000 100000
0 12 64 4500 100000 100000
0 29 60 4500 100000 100000
0 0 65 4500 100000 100000
0 41 58 4500 100000 100000
0 23 62 4500 100000 100000
0 136 -57 4500 100000 100000
0 144 -60 4500 100000 100000
0 9 66 4500 100000 100000
0 146 -60 4500 100000 100000
0 38 59 4500 100000 100000
0 28 60 4500 100000 100000
0 16 64 4500 100000 100000
0 24 61 4500 100000 100000
0 35 61 4500 100000 100000
0 7 66 4500 100000 100000
0 30 60 4500 100000 100000
0 1 65 4500 100000 100000
0 31 63 4500 100000 100000
0 2 65 4500 100000 100000
0 45 55 4500 100000 100000
0 11 64 4500 100000 100000
0 22 62 4500 100000 100000
0 39 59 4500 100000 100000
0 48 57 4500 100000 100000
0 116 -46 4500 100000 100000
0 37 61 4500 100000 100000
0 102 -37 4500 100000 100000
0 32 63 4500 100000 100000
0 139 -60 4500 100000 100000
0 6 66 4500 100000 100000
0 47 55 4500 100000 100000
0 31 60 4500 100000 100000
0 142 -59 4500 100000 100000
0 10 66 4500 100000 100000
0 129 -54 4500 100000 100000
0 49 55 4500 100000 100000
0 52 55 4500 100000 100000
0 2 64 4500 100000 100000
0 147 -60 4500 100000 100000
0 21 62 4500 100000 100000
0 10 64 4500 100000 100000
0 43 55 4500 100000 100000
0 124 -51 4500 100000 100000
0 147 -62 4500 100000 100000
0 51 54 4500 100000 100000
0 119 -48 4500 100000 100000
0 19 65 4500 100000 100000
0 114 -45 4500 100000 100000
0 24 62 4500 100000 100000
0 143 -61 4500 100000 100000
0 54 54 4500 100000 100000
0 27 60 4500 100000 100000
0 48 55 4500 100000 100000
0 26 65 4500 100000 100000
0 58 50 4500 100000 100000
0 145 -60 4500 100000 100000
0 9 64 4500 100000 100000
0 117 -50 4500 100000 100000
0 11 66 4500 100000 100000
0 32 58 4500 100000 100000
0 8 64 4500 100000 100000
0 5 66 4500 100000 100000
0 3 64 4500 100000 100000
0 17 64 4500 100000 100000
0 3 65 4500 100000 100000
0 57 51 4500 100000 100000
0 113 -46 4500 100000 100000
0 12 66 4500 100000 100000
0 55 52 4500 100000 100000
0 4 66 4500 100000 100000
0 46 55 4500 100000 100000
0 9 63 4500 100000 100000
0 13 66 4500 100000 100000
0 40 59 4500 100000 100000
0 1 64 4500 100000 100000
0 27 59 4500 100000 100000
0 131 -55 4500 100000 100000
0 45 58 4500 100000 100000
0 1 66 4500 100000 100000
0 20 62 4500 100000 100000
0 42 55 4500 100000 100000
0 14 66 4500 100000 100000
0 56 51 4500 100000 100000
0 59 50 4500 100000 100000
0 35 60 4500 100000 100000
0 47 57 4500 100000 100000
0 124 -54 4500 100000 100000
0 49 56 4500 100000 100000
0 18 65 4500 100000 100000
0 41 59 4500 100000 100000
0 54 53 4500 100000 100000
0 50 54 4500 100000 100000
0 38 61 4500 100000 100000
0 36 62 4500 100000 100000
0 18 63 4500 100000 100000
0 3 66 4500 100000 100000
0 114 -47 4500 100000 100000
0 26 60 4500 100000 100000
0 113 -45 4500 100000 100000
0 27 61 4500 100000 100000
0 49 57 4500 100000 100000
0 44 58 4500 100000 100000
0 2 66 4500 100000 100000
0 142 -61 4500 100000 100000
0 46 54 4500 100000 100000
0 44 54 4500 100000 100000
0 4 64 4500 100000 100000
0 34 60 4500 100000 100000
0 45 54 4500 100000 100000
0 19 62 4500 100000 100000
0 56 52 4500 100000 100000
0 33 63 4500 100000 100000
0 23 61 4500 100000 100000
0 58 51 4500 100000 100000
0 138 -60 4500 100000 100000
0 26 64 4500 100000 100000
0 32 60 4500 100000 100000
0 4 65 4500 100000 100000
0 53 55 4500 100000 100000