34.1139 -118.4068 -44 4500 100000 100000
34.1139 -118.4068 -48 4500 100000 100000
34.1139 -118.4068 -45 4500 100000 100000
34.1139 -118.4068 -47 4500 100000 100000
34.1139 -118.4068 -39 4500 100000 100000
34.1139 -118.4068 -23 4500 100000 100000
34.1139 -118.4068 -21 4500 100000 100000
34.1139 -118.4068 -40 4500 100000 100000
34.1139 -118.4068 -22 4500 100000 100000
34.1139 -118.4068 -20 4500 100000 100000
34.1139 -118.4068 -41 4500 100000 100000
34.1139 -118.4068 -46 4500 100000 100000
34.1139 -118.4068 -15 4500 100000 100000
34.1139 -118.4068 -49 4500 100000 100000
34.1139 -118.4068 -43 4500 100000 100000
34.1139 -118.4068 -16 4500 100000 100000
34.1139 -118.4068 -14 4500 100000 100000
34.1139 -118.4068 -19 4500 100000 100000
34.1139 -118.4068 -42 4500 100000 100000
34.1139 -118.4068 -52 4500 100000 100000
34.1139 -118.4068 -38 4500 100000 100000
34.1139 -118.4068 -24 4500 100000 100000
34.1139 -118.4068 -53 4500 100000 100000
34.1139 -118.4068 -27 4500 100000 100000
34.1139 -118.4068 -12 4500 100000 100000
34.1139 -118.4068 -13 4500 100000 100000
34.1139 -118.4068 -51 4500 100000 100000
34.1139 -118.4068 -17 4500 100000 100000
34.1139 -118.4068 -18 4500 100000 100000
34.1139 -118.4068 -28 4500 100000 100000
34.1139 -118.4068 -50 4500 100000 100000
34.1139 -118.4068 -26 4500 100000 100000
34.1139 -118.4068 -11 4500 100000 100000
34.1139 -118.4068 -29 4500 100000 100000
34.1139 -118.4068 -25 4500 100000 100000
34.1139 -118.4068 63 4500 100000 100000
34.1139 -118.4068 -54 4500 100000 100000
34.1139 -118.4068 -37 4500 100000 100000
34.1139 -118.4068 28 4500 100000 100000
34.1139 -118.4068 64 4500 100000 100000
34.1139 -118.4068 33 4500 100000 100000
34.1139 -118.4068 65 4500 100000 100000
34.1139 -118.4068 34 4500 100000 100000
34.1139 -118.4068 62 4500 100000 100000
34.1139 -118.4068 -30 4500 100000 100000
34.1139 -118.4068 -60 4500 100000 100000
34.1139 -118.4068 -10 4500 100000 100000
34.1139 -118.4068 27 4500 100000 100000
34.1139 -118.4068 61 4500 100000 100000
34.1139 -118.4068 66 4500 100000 100000