29.4241 98.4936 77 4500 100000 100000
29.4241 98.4936 78 4500 100000 100000
29.4241 98.4936 80 4500 100000 100000
29.4241 98.4936 79 4500 100000 100000
29.4241 98.4936 70 4500 100000 100000
29.4241 98.4936 69 4500 100000 100000
29.4241 98.4936 76 4500 100000 100000
29.4241 98.4936 81 4500 100000 100000
29.4241 98.4936 71 4500 100000 100000
29.4241 98.4936 68 4500 100000 100000
29.4241 98.4936 75 4500 100000 100000
29.4241 98.4936 72 4500 100000 100000
29.4241 98.4936 74 4500 100000 100000
29.4241 98.4936 52 4500 100000 100000
29.4241 98.4936 54 4500 100000 100000
29.4241 98.4936 73 4500 100000 100000
29.4241 98.4936 67 4500 100000 100000
29.4241 98.4936 53 4500 100000 100000
29.4241 98.4936 82 4500 100000 100000
29.4241 98.4936 55 4500 100000 100000
29.4241 98.4936 62 4500 100000 100000
29.4241 98.4936 63 4500 100000 100000
29.4241 98.4936 51 4500 100000 100000
29.4241 98.4936 64 4500 100000 100000
29.4241 98.4936 65 4500 100000 100000
29.4241 98.4936 66 4500 100000 100000