29.4241 98.4936 77 4500 100000 100000 
29.4241 98.4936 78 4500 100000 100000 
29.4241 98.4936 80 4500 100000 100000 
29.4241 98.4936 79 4500 100000 100000 
29.4241 98.4936 70 4500 100000 100000 
29.4241 98.4936 69 4500 100000 100000 
29.4241 98.4936 76 4500 100000 100000 
29.4241 98.4936 81 4500 100000 100000 
29.4241 98.4936 71 4500 100000 100000 
29.4241 98.4936 68 4500 100000 100000 
29.4241 98.4936 75 4500 100000 100000 
29.4241 98.4936 72 4500 100000 100000 
29.4241 98.4936 74 4500 100000 100000 
29.4241 98.4936 52 4500 100000 100000 
29.4241 98.4936 54 4500 100000 100000 
29.4241 98.4936 73 4500 100000 100000 
29.4241 98.4936 67 4500 100000 100000 
29.4241 98.4936 53 4500 100000 100000 
29.4241 98.4936 82 4500 100000 100000 
29.4241 98.4936 55 4500 100000 100000 
29.4241 98.4936 62 4500 100000 100000 
29.4241 98.4936 63 4500 100000 100000 
29.4241 98.4936 51 4500 100000 100000 
29.4241 98.4936 64 4500 100000 100000 
29.4241 98.4936 65 4500 100000 100000 
29.4241 98.4936 66 4500 100000 100000 
29.4241 98.4936 61 4500 100000 100000 
29.4241 98.4936 83 4500 100000 100000 
29.4241 98.4936 50 4500 100000 100000 
29.4241 98.4936 56 4500 100000 100000 
29.4241 98.4936 60 4500 100000 100000 
29.4241 98.4936 59 4500 100000 100000 
29.4241 98.4936 84 4500 100000 100000 
29.4241 98.4936 58 4500 100000 100000 
29.4241 98.4936 57 4500 100000 100000 
29.4241 98.4936 85 4500 100000 100000 
40.6943 -73.9249 -8 4500 100000 100000 
29.4241 98.4936 -88 4500 100000 100000 
29.4241 98.4936 -87 4500 100000 100000 
29.4241 98.4936 49 4500 100000 100000 
29.4241 98.4936 -89 4500 100000 100000 
29.4241 98.4936 86 4500 100000 100000 
29.4241 98.4936 -85 4500 100000 100000 
29.4241 98.4936 -86 4500 100000 100000 
29.4241 98.4936 87 4500 100000 100000 
29.4241 98.4936 -81 4500 100000 100000 
29.4241 98.4936 90 4500 100000 100000 
29.4241 98.4936 88 4500 100000 100000 
29.4241 98.4936 -82 4500 100000 100000 
29.4241 98.4936 -84 4500 100000 100000 
29.4241 98.4936 89 4500 100000 100000 