0 169 -64 4500 100000 100000
0 170 -64 4500 100000 100000
0 136 -58 4500 100000 100000
0 168 -64 4500 100000 100000
0 137 -58 4500 100000 100000
0 135 -58 4500 100000 100000
0 121 -51 4500 100000 100000
0 171 -64 4500 100000 100000
0 119 -50 4500 100000 100000
0 175 -64 4500 100000 100000
0 123 -52 4500 100000 100000
0 122 -52 4500 100000 100000
0 120 -51 4500 100000 100000
0 138 -59 4500 100000 100000
0 118 -49 4500 100000 100000
0 174 -64 4500 100000 100000
0 172 -64 4500 100000 100000
0 167 -64 4500 100000 100000
0 125 -53 4500 100000 100000
0 173 -64 4500 100000 100000
0 139 -59 4500 100000 100000
0 176 -64 4500 100000 100000
0 133 -57 4500 100000 100000
0 122 -51 4500 100000 100000
0 120 -50 4500 100000 100000
0 119 -51 4500 100000 100000
0 134 -58 4500 100000 100000
0 168 -63 4500 100000 100000
0 134 -57 4500 100000 100000
0 127 -54 4500 100000 100000
0 117 -49 4500 100000 100000
0 124 -53 4500 100000 100000
0 117 -48 4500 100000 100000
0 166 -64 4500 100000 100000
0 138 -58 4500 100000 100000
0 167 -63 4500 100000 100000
0 140 -59 4500 100000 100000
0 137 -59 4500 100000 100000
0 121 -50 4500 100000 100000
0 169 -63 4500 100000 100000
0 132 -57 4500 100000 100000
0 116 -48 4500 100000 100000
0 131 -56 4500 100000 100000
0 126 -54 4500 100000 100000
0 118 -50 4500 100000 100000
0 119 -49 4500 100000 100000
0 177 -64 4500 100000 100000
0 124 -52 4500 100000 100000
0 121 -52 4500 100000 100000
0 149 -62 4500 100000 100000
0 130 -56 4500 100000 100000
0 126 -53 4500 100000 100000
0 129 -55 4500 100000 100000
0 128 -54 4500 100000 100000
0 170 -63 4500 100000 100000
0 135 -57 4500 100000 100000
0 150 -62 4500 100000 100000
0 33 59 4500 100000 100000
0 166 -63 4500 100000 100000
0 128 -55 4500 100000 100000
0 148 -61 4500 100000 100000
0 136 -59 4500 100000 100000
0 147 -61 4500 100000 100000
0 132 -56 4500 100000 100000
0 153 -63 4500 100000 100000
0 34 59 4500 100000 100000
0 139 -58 4500 100000 100000
0 151 -62 4500 100000 100000
0 118 -48 4500 100000 100000
0 123 -53 4500 100000 100000
0 32 59 4500 100000 100000
0 149 -61 4500 100000 100000
0 154 -63 4500 100000 100000
0 120 -52 4500 100000 100000
0 31 59 4500 100000 100000
0 123 -51 4500 100000 100000
0 165 -64 4500 100000 100000
0 22 65 4500 100000 100000
0 152 -62 4500 100000 100000
0 116 -47 4500 100000 100000
0 178 -64 4500 100000 100000
0 23 65 4500 100000 100000
0 175 -65 4500 100000 100000
0 142 -60 4500 100000 100000
0 165 -63 4500 100000 100000
0 125 -54 4500 100000 100000
0 129 -56 4500 100000 100000
0 168 -65 4500 100000 100000
0 174 -65 4500 100000 100000
0 131 -57 4500 100000 100000
0 130 -55 4500 100000 100000
0 30 59 4500 100000 100000
0 171 -63 4500 100000 100000
0 164 -64 4500 100000 100000
0 133 -58 4500 100000 100000
0 143 -60 4500 100000 100000
0 167 -65 4500 100000 100000
0 141 -59 4500 100000 100000
0 14 64 4500 100000 100000
0 16 63 4500 100000 100000