0 178 48 4500 100000 100000
0 177 48 4500 100000 100000
0 10 -50 4500 100000 100000
0 64 -38 4500 100000 100000
0 179 48 4500 100000 100000
0 67 -36 4500 100000 100000
0 68 -35 4500 100000 100000
0 176 48 4500 100000 100000
0 62 -39 4500 100000 100000
0 10 -49 4500 100000 100000
0 63 -38 4500 100000 100000
0 65 -37 4500 100000 100000
0 9 -50 4500 100000 100000
0 66 -37 4500 100000 100000
0 52 -43 4500 100000 100000
0 11 -50 4500 100000 100000
0 13 -49 4500 100000 100000
0 70 -34 4500 100000 100000
0 12 -49 4500 100000 100000
0 60 -40 4500 100000 100000
0 66 -36 4500 100000 100000
0 54 -42 4500 100000 100000
0 50 -44 4500 100000 100000
0 71 -33 4500 100000 100000
0 11 -49 4500 100000 100000