0 169 -64 4500 100000 100000
0 170 -64 4500 100000 100000
0 136 -58 4500 100000 100000
0 168 -64 4500 100000 100000
0 137 -58 4500 100000 100000
0 135 -58 4500 100000 100000
0 121 -51 4500 100000 100000
0 171 -64 4500 100000 100000
0 119 -50 4500 100000 100000
0 175 -64 4500 100000 100000
0 123 -52 4500 100000 100000
0 122 -52 4500 100000 100000
0 120 -51 4500 100000 100000
0 138 -59 4500 100000 100000
0 118 -49 4500 100000 100000
0 174 -64 4500 100000 100000
0 172 -64 4500 100000 100000
0 167 -64 4500 100000 100000
0 125 -53 4500 100000 100000
0 173 -64 4500 100000 100000
0 139 -59 4500 100000 100000
0 176 -64 4500 100000 100000
0 133 -57 4500 100000 100000
0 122 -51 4500 100000 100000
0 120 -50 4500 100000 100000