0 136 -58 4500 100000 100000
0 137 -58 4500 100000 100000
0 135 -58 4500 100000 100000
0 121 -51 4500 100000 100000
0 119 -50 4500 100000 100000
0 123 -52 4500 100000 100000
0 122 -52 4500 100000 100000
0 120 -51 4500 100000 100000
0 138 -59 4500 100000 100000
0 118 -49 4500 100000 100000
0 125 -53 4500 100000 100000
0 139 -59 4500 100000 100000
0 133 -57 4500 100000 100000
0 122 -51 4500 100000 100000
0 120 -50 4500 100000 100000
0 119 -51 4500 100000 100000
0 134 -58 4500 100000 100000
0 134 -57 4500 100000 100000
0 127 -54 4500 100000 100000
0 117 -49 4500 100000 100000
0 124 -53 4500 100000 100000
0 117 -48 4500 100000 100000
0 138 -58 4500 100000 100000
0 140 -59 4500 100000 100000
0 137 -59 4500 100000 100000
0 121 -50 4500 100000 100000
0 132 -57 4500 100000 100000
0 116 -48 4500 100000 100000
0 131 -56 4500 100000 100000
0 126 -54 4500 100000 100000
0 118 -50 4500 100000 100000
0 119 -49 4500 100000 100000
0 124 -52 4500 100000 100000
0 121 -52 4500 100000 100000
0 149 -62 4500 100000 100000
0 130 -56 4500 100000 100000
0 126 -53 4500 100000 100000
0 129 -55 4500 100000 100000
0 128 -54 4500 100000 100000
0 135 -57 4500 100000 100000
0 33 59 4500 100000 100000
0 128 -55 4500 100000 100000
0 148 -61 4500 100000 100000
0 136 -59 4500 100000 100000
0 147 -61 4500 100000 100000
0 132 -56 4500 100000 100000
0 34 59 4500 100000 100000
0 139 -58 4500 100000 100000
0 118 -48 4500 100000 100000
0 123 -53 4500 100000 100000
0 32 59 4500 100000 100000
0 149 -61 4500 100000 100000
0 120 -52 4500 100000 100000
0 31 59 4500 100000 100000
0 123 -51 4500 100000 100000
0 22 65 4500 100000 100000
0 116 -47 4500 100000 100000
0 23 65 4500 100000 100000
0 142 -60 4500 100000 100000
0 125 -54 4500 100000 100000
0 129 -56 4500 100000 100000
0 131 -57 4500 100000 100000
0 130 -55 4500 100000 100000
0 30 59 4500 100000 100000
0 133 -58 4500 100000 100000
0 143 -60 4500 100000 100000
0 141 -59 4500 100000 100000
0 14 64 4500 100000 100000
0 16 63 4500 100000 100000
0 15 63 4500 100000 100000
0 120 -49 4500 100000 100000
0 115 -46 4500 100000 100000
0 148 -62 4500 100000 100000
0 24 65 4500 100000 100000
0 34 58 4500 100000 100000
0 34 62 4500 100000 100000
0 127 -55 4500 100000 100000
0 141 -60 4500 100000 100000
0 122 -50 4500 100000 100000
0 13 63 4500 100000 100000
0 13 64 4500 100000 100000
0 36 58 4500 100000 100000
0 33 62 4500 100000 100000
0 14 63 4500 100000 100000
0 35 58 4500 100000 100000
0 35 59 4500 100000 100000
0 146 -61 4500 100000 100000
0 52 54 4500 100000 100000
0 36 59 4500 100000 100000
0 37 58 4500 100000 100000
0 114 -46 4500 100000 100000
0 38 58 4500 100000 100000
0 135 -59 4500 100000 100000
0 35 62 4500 100000 100000
0 145 -61 4500 100000 100000
0 115 -47 4500 100000 100000
0 21 65 4500 100000 100000
0 12 63 4500 100000 100000
0 125 -52 4500 100000 100000
0 116 -49 4500 100000 100000
0 15 64 4500 100000 100000
0 29 59 4500 100000 100000
0 140 -60 4500 100000 100000
0 11 63 4500 100000 100000
0 17 63 4500 100000 100000
0 133 -56 4500 100000 100000
0 51 55 4500 100000 100000
0 33 58 4500 100000 100000
0 117 -47 4500 100000 100000
0 10 63 4500 100000 100000
0 25 65 4500 100000 100000
0 26 61 4500 100000 100000
0 127 -53 4500 100000 100000
0 50 55 4500 100000 100000
0 122 -53 4500 100000 100000
0 115 -48 4500 100000 100000
0 28 59 4500 100000 100000
0 40 58 4500 100000 100000
0 39 58 4500 100000 100000
0 140 -58 4500 100000 100000
0 37 59 4500 100000 100000
0 25 61 4500 100000 100000
0 53 54 4500 100000 100000
0 144 -61 4500 100000 100000
0 8 66 4500 100000 100000
0 118 -51 4500 100000 100000
0 0 64 4500 100000 100000
0 44 55 4500 100000 100000
0 36 61 4500 100000 100000
0 20 65 4500 100000 100000
0 32 62 4500 100000 100000
0 12 64 4500 100000 100000
0 29 60 4500 100000 100000
0 0 65 4500 100000 100000
0 41 58 4500 100000 100000
0 23 62 4500 100000 100000
0 136 -57 4500 100000 100000
0 144 -60 4500 100000 100000
0 9 66 4500 100000 100000
0 146 -60 4500 100000 100000
0 38 59 4500 100000 100000
0 28 60 4500 100000 100000
0 16 64 4500 100000 100000
0 24 61 4500 100000 100000
0 35 61 4500 100000 100000
0 7 66 4500 100000 100000
0 30 60 4500 100000 100000
0 1 65 4500 100000 100000
0 31 63 4500 100000 100000
0 2 65 4500 100000 100000
0 45 55 4500 100000 100000
0 11 64 4500 100000 100000
0 22 62 4500 100000 100000
0 39 59 4500 100000 100000
0 48 57 4500 100000 100000
0 116 -46 4500 100000 100000
0 37 61 4500 100000 100000
0 102 -37 4500 100000 100000
0 32 63 4500 100000 100000
0 139 -60 4500 100000 100000
0 6 66 4500 100000 100000
0 47 55 4500 100000 100000
0 31 60 4500 100000 100000
0 142 -59 4500 100000 100000
0 10 66 4500 100000 100000
0 129 -54 4500 100000 100000
0 49 55 4500 100000 100000
0 52 55 4500 100000 100000
0 2 64 4500 100000 100000
0 147 -60 4500 100000 100000
0 21 62 4500 100000 100000
0 10 64 4500 100000 100000
0 43 55 4500 100000 100000
0 124 -51 4500 100000 100000
0 147 -62 4500 100000 100000
0 51 54 4500 100000 100000
0 119 -48 4500 100000 100000
0 19 65 4500 100000 100000
0 114 -45 4500 100000 100000
0 24 62 4500 100000 100000
0 143 -61 4500 100000 100000
0 54 54 4500 100000 100000
0 27 60 4500 100000 100000
0 48 55 4500 100000 100000
0 26 65 4500 100000 100000
0 58 50 4500 100000 100000
0 145 -60 4500 100000 100000
0 9 64 4500 100000 100000
0 117 -50 4500 100000 100000
0 11 66 4500 100000 100000
0 32 58 4500 100000 100000
0 8 64 4500 100000 100000
0 5 66 4500 100000 100000
0 3 64 4500 100000 100000
0 17 64 4500 100000 100000
0 3 65 4500 100000 100000
0 57 51 4500 100000 100000
0 113 -46 4500 100000 100000
0 12 66 4500 100000 100000
0 55 52 4500 100000 100000
0 4 66 4500 100000 100000
0 46 55 4500 100000 100000
0 9 63 4500 100000 100000
0 13 66 4500 100000 100000
0 40 59 4500 100000 100000
0 1 64 4500 100000 100000
0 27 59 4500 100000 100000
0 131 -55 4500 100000 100000
0 45 58 4500 100000 100000
0 1 66 4500 100000 100000
0 20 62 4500 100000 100000
0 42 55 4500 100000 100000
0 14 66 4500 100000 100000
0 56 51 4500 100000 100000
0 59 50 4500 100000 100000
0 35 60 4500 100000 100000
0 47 57 4500 100000 100000
0 124 -54 4500 100000 100000
0 49 56 4500 100000 100000
0 18 65 4500 100000 100000
0 41 59 4500 100000 100000
0 54 53 4500 100000 100000
0 50 54 4500 100000 100000
0 38 61 4500 100000 100000
0 36 62 4500 100000 100000
0 18 63 4500 100000 100000
0 3 66 4500 100000 100000
0 114 -47 4500 100000 100000
0 26 60 4500 100000 100000
0 113 -45 4500 100000 100000
0 27 61 4500 100000 100000
0 49 57 4500 100000 100000
0 44 58 4500 100000 100000
0 2 66 4500 100000 100000
0 142 -61 4500 100000 100000
0 46 54 4500 100000 100000
0 44 54 4500 100000 100000
0 4 64 4500 100000 100000
0 34 60 4500 100000 100000
0 45 54 4500 100000 100000
0 19 62 4500 100000 100000
0 56 52 4500 100000 100000
0 33 63 4500 100000 100000
0 23 61 4500 100000 100000
0 58 51 4500 100000 100000
0 138 -60 4500 100000 100000
0 26 64 4500 100000 100000
0 32 60 4500 100000 100000
0 4 65 4500 100000 100000
0 53 55 4500 100000 100000
0 50 56 4500 100000 100000
0 25 62 4500 100000 100000
0 46 58 4500 100000 100000
0 42 58 4500 100000 100000
0 19 66 4500 100000 100000
0 115 -45 4500 100000 100000
0 18 64 4500 100000 100000
0 0 66 4500 100000 100000
0 132 -58 4500 100000 100000
0 15 66 4500 100000 100000
0 128 -56 4500 100000 100000
0 7 64 4500 100000 100000
0 31 62 4500 100000 100000
0 42 59 4500 100000 100000
0 5 65 4500 100000 100000
0 104 -39 4500 100000 100000
0 5 64 4500 100000 100000
0 49 54 4500 100000 100000
0 16 66 4500 100000 100000
0 18 66 4500 100000 100000
0 103 -38 4500 100000 100000
0 119 -52 4500 100000 100000
0 43 58 4500 100000 100000
0 27 64 4500 100000 100000
0 43 54 4500 100000 100000
0 21 64 4500 100000 100000
0 34 61 4500 100000 100000
0 121 -53 4500 100000 100000
0 102 -38 4500 100000 100000
0 55 53 4500 100000 100000
0 25 64 4500 100000 100000
0 36 60 4500 100000 100000
0 6 64 4500 100000 100000
0 25 60 4500 100000 100000
0 39 61 4500 100000 100000
0 102 -36 4500 100000 100000
0 20 66 4500 100000 100000
0 18 62 4500 100000 100000
0 148 -60 4500 100000 100000
0 48 54 4500 100000 100000
0 43 59 4500 100000 100000
0 101 -36 4500 100000 100000
0 19 63 4500 100000 100000
0 41 55 4500 100000 100000
0 126 -55 4500 100000 100000
0 112 -45 4500 100000 100000
0 121 -49 4500 100000 100000
0 22 64 4500 100000 100000
0 17 65 4500 100000 100000
0 146 -62 4500 100000 100000
0 104 -38 4500 100000 100000
0 143 -59 4500 100000 100000
0 19 64 4500 100000 100000
0 105 -40 4500 100000 100000
0 33 60 4500 100000 100000
0 17 66 4500 100000 100000
0 3 63 4500 100000 100000
0 39 57 4500 100000 100000
0 4 63 4500 100000 100000
0 40 60 4500 100000 100000
0 105 -39 4500 100000 100000
0 38 60 4500 100000 100000
0 47 58 4500 100000 100000
0 24 64 4500 100000 100000
0 39 55 4500 100000 100000
0 61 49 4500 100000 100000
0 12 65 4500 100000 100000
0 141 -58 4500 100000 100000
0 20 64 4500 100000 100000
0 33 61 4500 100000 100000
0 134 -59 4500 100000 100000
0 31 58 4500 100000 100000
0 26 59 4500 100000 100000
0 47 54 4500 100000 100000
0 112 -44 4500 100000 100000
0 30 63 4500 100000 100000
0 13 65 4500 100000 100000
0 53 53 4500 100000 100000
0 48 56 4500 100000 100000
0 11 65 4500 100000 100000
0 5 63 4500 100000 100000
0 10 65 4500 100000 100000
0 111 -44 4500 100000 100000
0 37 60 4500 100000 100000
0 39 60 4500 100000 100000
0 23 64 4500 100000 100000
0 62 48 4500 100000 100000
0 6 65 4500 100000 100000
0 8 63 4500 100000 100000
0 40 57 4500 100000 100000
0 51 56 4500 100000 100000
0 6 63 4500 100000 100000
0 60 50 4500 100000 100000
0 41 56 4500 100000 100000
0 40 55 4500 100000 100000
0 14 65 4500 100000 100000
0 22 66 4500 100000 100000
0 137 -57 4500 100000 100000
0 60 49 4500 100000 100000
0 61 48 4500 100000 100000
0 9 65 4500 100000 100000
0 57 52 4500 100000 100000
0 37 62 4500 100000 100000
0 38 55 4500 100000 100000
0 130 -57 4500 100000 100000
0 141 -61 4500 100000 100000
0 113 -44 4500 100000 100000
0 46 57 4500 100000 100000
0 50 57 4500 100000 100000
0 41 57 4500 100000 100000
0 40 56 4500 100000 100000
0 39 56 4500 100000 100000
0 8 65 4500 100000 100000
0 24 60 4500 100000 100000
0 37 55 4500 100000 100000
0 2 63 4500 100000 100000
0 7 63 4500 100000 100000
0 17 62 4500 100000 100000
0 37 57 4500 100000 100000
0 20 63 4500 100000 100000
0 38 57 4500 100000 100000
0 28 64 4500 100000 100000
0 18 67 4500 100000 100000
0 32 61 4500 100000 100000
0 27 65 4500 100000 100000
0 0 63 4500 100000 100000
0 36 55 4500 100000 100000
0 55 54 4500 100000 100000
0 59 49 4500 100000 100000
0 17 67 4500 100000 100000
0 15 65 4500 100000 100000
0 34 57 4500 100000 100000
0 36 57 4500 100000 100000
0 15 67 4500 100000 100000
0 26 62 4500 100000 100000
0 16 65 4500 100000 100000
0 34 63 4500 100000 100000
0 28 61 4500 100000 100000
0 7 65 4500 100000 100000
0 16 67 4500 100000 100000
0 23 66 4500 100000 100000
0 41 60 4500 100000 100000
0 21 66 4500 100000 100000
0 134 -56 4500 100000 100000
0 35 57 4500 100000 100000
0 41 54 4500 100000 100000
0 42 56 4500 100000 100000
0 43 56 4500 100000 100000
0 19 67 4500 100000 100000
0 30 58 4500 100000 100000
0 42 54 4500 100000 100000
0 25 59 4500 100000 100000
0 42 57 4500 100000 100000
0 123 -50 4500 100000 100000
0 118 -47 4500 100000 100000
0 1 63 4500 100000 100000
0 101 -37 4500 100000 100000
0 145 -62 4500 100000 100000
0 106 -40 4500 100000 100000
0 137 -60 4500 100000 100000
0 22 61 4500 100000 100000
0 105 -38 4500 100000 100000
0 24 66 4500 100000 100000
0 101 -35 4500 100000 100000
0 44 59 4500 100000 100000
0 29 63 4500 100000 100000
0 55 51 4500 100000 100000
0 21 63 4500 100000 100000
0 40 54 4500 100000 100000
0 114 -44 4500 100000 100000
0 37 56 4500 100000 100000
0 56 53 4500 100000 100000
0 126 -52 4500 100000 100000
0 54 52 4500 100000 100000
0 46 53 4500 100000 100000
0 57 50 4500 100000 100000
0 39 54 4500 100000 100000
0 40 61 4500 100000 100000
0 38 56 4500 100000 100000
0 65 44 4500 100000 100000
0 11 67 4500 100000 100000
0 36 56 4500 100000 100000
0 30 62 4500 100000 100000
0 35 55 4500 100000 100000
0 14 67 4500 100000 100000
0 9 67 4500 100000 100000
0 46 56 4500 100000 100000
0 45 53 4500 100000 100000
0 29 64 4500 100000 100000
0 59 51 4500 100000 100000
0 23 63 4500 100000 100000
0 45 57 4500 100000 100000
0 149 -63 4500 100000 100000
0 47 56 4500 100000 100000
0 103 -37 4500 100000 100000
0 29 61 4500 100000 100000
0 38 54 4500 100000 100000
0 7 67 4500 100000 100000
0 28 63 4500 100000 100000
0 12 67 4500 100000 100000
0 29 58 4500 100000 100000
0 34 55 4500 100000 100000
0 48 58 4500 100000 100000
0 52 53 4500 100000 100000
0 8 67 4500 100000 100000
0 10 67 4500 100000 100000
0 43 57 4500 100000 100000
0 44 56 4500 100000 100000
0 22 63 4500 100000 100000
0 47 53 4500 100000 100000
0 42 60 4500 100000 100000
0 110 -43 4500 100000 100000
0 117 -46 4500 100000 100000
0 54 55 4500 100000 100000
0 106 -41 4500 100000 100000
0 63 47 4500 100000 100000
0 24 63 4500 100000 100000
0 63 46 4500 100000 100000
0 31 61 4500 100000 100000
0 25 66 4500 100000 100000
0 13 67 4500 100000 100000
0 110 -44 4500 100000 100000
0 48 52 4500 100000 100000
0 37 54 4500 100000 100000
0 66 43 4500 100000 100000
0 52 56 4500 100000 100000
0 149 -60 4500 100000 100000
0 24 59 4500 100000 100000
0 53 52 4500 100000 100000
0 144 -59 4500 100000 100000
0 64 44 4500 100000 100000
0 28 58 4500 100000 100000
0 36 54 4500 100000 100000
0 44 53 4500 100000 100000
0 123 -54 4500 100000 100000
0 106 -39 4500 100000 100000
0 30 64 4500 100000 100000
0 111 -45 4500 100000 100000
0 62 47 4500 100000 100000
0 45 56 4500 100000 100000
0 133 -59 4500 100000 100000
0 6 67 4500 100000 100000
0 20 67 4500 100000 100000
0 21 61 4500 100000 100000
0 107 -41 4500 100000 100000
0 30 61 4500 100000 100000
0 16 62 4500 100000 100000
0 23 60 4500 100000 100000
0 64 45 4500 100000 100000
0 44 57 4500 100000 100000