0 153 -5 4500 100000 100000
0 159 1 4500 100000 100000
0 164 14 4500 100000 100000
0 162 5 4500 100000 100000
0 160 3 4500 100000 100000
0 160 8 4500 100000 100000
0 161 11 4500 100000 100000
0 165 14 4500 100000 100000
0 156 -5 4500 100000 100000
0 162 3 4500 100000 100000
0 162 4 4500 100000 100000
0 164 12 4500 100000 100000
0 163 9 4500 100000 100000
0 158 -1 4500 100000 100000
0 156 -9 4500 100000 100000
0 157 -3 4500 100000 100000
0 160 4 4500 100000 100000
0 159 5 4500 100000 100000
0 160 7 4500 100000 100000
0 158 2 4500 100000 100000
0 160 6 4500 100000 100000
0 157 -2 4500 100000 100000
0 163 8 4500 100000 100000
0 164 9 4500 100000 100000
0 164 11 4500 100000 100000
0 165 13 4500 100000 100000
0 156 -6 4500 100000 100000
0 158 -5 4500 100000 100000
0 160 5 4500 100000 100000
0 165 16 4500 100000 100000
