0 136 -58 4500 100000 100000
0 137 -58 4500 100000 100000
0 135 -58 4500 100000 100000
0 121 -51 4500 100000 100000
0 119 -50 4500 100000 100000
0 123 -52 4500 100000 100000
0 122 -52 4500 100000 100000
0 120 -51 4500 100000 100000
0 138 -59 4500 100000 100000
0 118 -49 4500 100000 100000
0 125 -53 4500 100000 100000
0 139 -59 4500 100000 100000
0 133 -57 4500 100000 100000
0 122 -51 4500 100000 100000
0 120 -50 4500 100000 100000
0 119 -51 4500 100000 100000
0 134 -58 4500 100000 100000
0 134 -57 4500 100000 100000
0 127 -54 4500 100000 100000
0 117 -49 4500 100000 100000
0 124 -53 4500 100000 100000
0 117 -48 4500 100000 100000
0 138 -58 4500 100000 100000
0 140 -59 4500 100000 100000
0 137 -59 4500 100000 100000
0 121 -50 4500 100000 100000
0 132 -57 4500 100000 100000
0 116 -48 4500 100000 100000
0 131 -56 4500 100000 100000
0 126 -54 4500 100000 100000
0 118 -50 4500 100000 100000
0 119 -49 4500 100000 100000
0 124 -52 4500 100000 100000
0 121 -52 4500 100000 100000
0 149 -62 4500 100000 100000
0 130 -56 4500 100000 100000
0 126 -53 4500 100000 100000
0 129 -55 4500 100000 100000
0 128 -54 4500 100000 100000
0 135 -57 4500 100000 100000
0 33 59 4500 100000 100000
0 128 -55 4500 100000 100000
0 148 -61 4500 100000 100000
0 136 -59 4500 100000 100000
0 147 -61 4500 100000 100000
0 132 -56 4500 100000 100000
0 34 59 4500 100000 100000
0 139 -58 4500 100000 100000
0 118 -48 4500 100000 100000
0 123 -53 4500 100000 100000
0 32 59 4500 100000 100000
0 149 -61 4500 100000 100000
0 120 -52 4500 100000 100000
0 31 59 4500 100000 100000
0 123 -51 4500 100000 100000
0 22 65 4500 100000 100000
0 116 -47 4500 100000 100000
0 23 65 4500 100000 100000
0 142 -60 4500 100000 100000
0 125 -54 4500 100000 100000
0 129 -56 4500 100000 100000
0 131 -57 4500 100000 100000
0 130 -55 4500 100000 100000
0 30 59 4500 100000 100000
0 133 -58 4500 100000 100000
0 143 -60 4500 100000 100000
0 141 -59 4500 100000 100000
0 14 64 4500 100000 100000
0 16 63 4500 100000 100000
0 15 63 4500 100000 100000
0 120 -49 4500 100000 100000
0 115 -46 4500 100000 100000
0 148 -62 4500 100000 100000
0 24 65 4500 100000 100000
0 34 58 4500 100000 100000
0 34 62 4500 100000 100000
0 127 -55 4500 100000 100000
0 141 -60 4500 100000 100000
0 122 -50 4500 100000 100000
0 13 63 4500 100000 100000
0 13 64 4500 100000 100000
0 36 58 4500 100000 100000
0 33 62 4500 100000 100000
0 14 63 4500 100000 100000
0 35 58 4500 100000 100000
0 35 59 4500 100000 100000
0 146 -61 4500 100000 100000
0 52 54 4500 100000 100000
0 36 59 4500 100000 100000
0 37 58 4500 100000 100000
0 114 -46 4500 100000 100000
0 38 58 4500 100000 100000
0 135 -59 4500 100000 100000
0 35 62 4500 100000 100000
0 145 -61 4500 100000 100000
0 115 -47 4500 100000 100000
0 21 65 4500 100000 100000
0 12 63 4500 100000 100000
0 125 -52 4500 100000 100000
0 116 -49 4500 100000 100000